0.0
0.0
0.0
0.0
0.0
0.0
0.0
0.0
0.0
0.0
0.0
0.0
0.0
0.0
0.0
0.0
0.0
0.0
0.0
0.0
0.0
0.0
0.0
0.0
0.0
0.0
0.0
0.0
0.0
0.0
0.0
0.0
0.0
0.0
0.0
0.0
0.0
0.0
0.0
0.0
0.0
0.0
0.0
0.0
0.0
0.0
0.0
0.0
0.0
0.0
0.0
0.0
0.0
0.0
0.0
0.0
0.0
0.0
0.0
0.0
0.0
0.0
0.0
0.0
0.0
0.0
0.0
0.0
0.0
0.0
0.0
0.0
0.0
0.0
0.0
0.0
0.0
0.0
0.0
0.0
0.0
0.0
0.0
0.0
0.0
0.0
0.0
0.0
0.0
0.0
0.0
0.0
0.0
0.0
0.0
0.0
0.0
0.0
0.0
0.0
0.0
0.0
0.0
0.0
0.0
0.0
0.0
0.0
0.0
0.0
0.0
0.0
0.0
0.0
44.44273879412769
24.119729850331662
83.64194032536959
44.44273879412769
24.119729850331662
83.64194032536959
19.418022009364144
58.825334479163956
24.073425724039012
19.418022009364144
58.825334479163956
24.073425724039012
19.418022009364144
58.825334479163956
24.073425724039012
57.325586555806936
95.101569730219
18.126017446604315
57.325586555806936
95.101569730219
18.126017446604315
42.534939854046826
93.12644914045151
51.85822513143667
42.534939854046826
93.12644914045151
51.85822513143667
42.534939854046826
93.12644914045151
51.85822513143667
14.31454831555592
70.72450299669198
58.647895213504235
14.31454831555592
70.72450299669198
58.647895213504235
14.31454831555592
70.72450299669198
58.647895213504235
0.0
0.0
0.0
0.0
0.0
0.0
0.0
0.0
0.0
0.0
0.0
0.0
0.0
0.0
0.0
0.0
0.0
0.0
0.0
0.0
0.0
0.0
0.0
0.0
0.0
0.0
0.0
0.0
0.0
0.0
0.0
0.0
0.0
0.0
0.0
0.0
29.91688317127362
79.91638107645593
56.84160340525157
29.91688317127362
79.91638107645593
56.84160340525157
22.047454612098882
43.960265692877954
47.163294114945614
22.047454612098882
43.960265692877954
47.163294114945614
81.51446357601938
65.91288644513548
72.40973213270176
81.51446357601938
65.91288644513548
72.40973213270176
81.51446357601938
65.91288644513548
72.40973213270176
20.791832575624113
39.1274902936337
94.10683011618724
20.791832575624113
39.1274902936337
94.10683011618724
20.791832575624113
39.1274902936337
94.10683011618724
61.43229504575359
21.848487143214488
72.78734053362884
58.039317023180516
22.18506961084943
64.57548880820526
58.039317023180516
22.18506961084943
64.57548880820526
88.64216688096528
72.38047083939648
25.425731625475635
88.64216688096528
72.38047083939648
25.425731625475635
88.64216688096528
72.38047083939648
25.425731625475635
20.68803574175646
81.21560773951707
29.522866926459667
20.68803574175646
81.21560773951707
29.522866926459667
0.0
0.0
0.0
0.0
0.0
0.0
0.0
0.0
0.0
0.0
0.0
0.0
0.0
0.0
0.0
0.0
0.0
0.0
0.0
0.0
0.0
0.0
0.0
0.0
0.0
0.0
0.0
56.810177970349194
98.84084523027605
79.34658040401538
29.91688317127362
79.91638107645593
56.84160340525157
53.99746145012374
717.2434635599922
50.83054334381819
53.99746145012374
717.2434635599922
50.83054334381819
34.76719956302055
491.79592300145345
71.24673472696573
42.1280482752376
77.63769548565666
21.610957270522356
42.1280482752376
77.63769548565666
21.610957270522356
20.791832575624113
39.1274902936337
94.10683011618724
20.791832575624113
39.1274902936337
94.10683011618724
20.791832575624113
39.1274902936337
94.10683011618724
20.791832575624113
39.1274902936337
94.10683011618724
74.56379629699495
82.46331906884384
46.118225577465225
74.56379629699495
82.46331906884384
46.118225577465225
41.63777054137442
80.70418839426014
36.73715748811
41.63777054137442
80.70418839426014
36.73715748811
724.2557224706703
23.09433379037924
58.74053391071654
75.9760139613503
697.4324839273138
23.463320727135528
20.68803574175646
81.21560773951707
29.522866926459667
20.68803574175646
81.21560773951707
29.522866926459667
0.0
0.0
0.0
0.0
0.0
0.0
0.0
0.0
0.0
0.0
0.0
0.0
0.0
0.0
0.0
0.0
0.0
0.0
0.0
0.0
0.0
15.505990041725227
33.1593881189282
76.30517691319145
11.559832168921325
14.098317162457686
90.90504264047652
46.815486747648556
90.32457272019634
23.520566674765075
20.588826145041747
907.687229395051
45.45379058174687
20.588826145041747
907.687229395051
45.45379058174687
94.75177120252087
53.315087184125865
68.70064321744574
94.75177120252087
53.315087184125865
68.70064321744574
42.1280482752376
77.63769548565666
21.610957270522356
81.05788221202548
99.05162447625244
12.643416953136377
81.05788221202548
99.05162447625244
12.643416953136377
54.90124055276077
700.6281884570665
74.22781642433995
54.90124055276077
700.6281884570665
74.22781642433995
54.90124055276077
700.6281884570665
74.22781642433995
54.90124055276077
700.6281884570665
74.22781642433995
54.90124055276077
700.6281884570665
74.22781642433995
54.90124055276077
700.6281884570665
74.22781642433995
54.90124055276077
700.6281884570665
74.22781642433995
59.337218147990924
22.2711751713487
348.8074589332535
59.337218147990924
22.2711751713487
348.8074589332535
89.22502265760377
18.45641431335727
84.26968059085914
99.96527586689803
75.45867797899302
38.87483944699104
89.3507730761168
40.727606450559634
57.71659311451472
0.0
0.0
0.0
0.0
0.0
0.0
0.0
0.0
0.0
0.0
0.0
0.0
0.0
0.0
0.0
90.44479019322125
40.30470992613293
99.13552045334164
65.23223971532981
43.044424762203064
73.7440696917096
29.04962706215396
7520.471459156796
49.972087217584615
20.588826145041747
907.687229395051
45.45379058174687
13.869785627931774
12.736250428081775
36.69270973952612
13.869785627931774
12.736250428081775
36.69270973952612
13.869785627931774
12.736250428081775
36.69270973952612
196.0540322503812
91.43630351974352
48.09041363888835
81.05788221202548
99.05162447625244
12.643416953136377
81.05788221202548
99.05162447625244
12.643416953136377
81.05788221202548
99.05162447625244
12.643416953136377
54.90124055276077
700.6281884570665
74.22781642433995
54.90124055276077
700.6281884570665
74.22781642433995
54.90124055276077
700.6281884570665
74.22781642433995
54.90124055276077
700.6281884570665
74.22781642433995
54.90124055276077
700.6281884570665
74.22781642433995
54.90124055276077
700.6281884570665
74.22781642433995
54.90124055276077
700.6281884570665
74.22781642433995
196.0540322503812
91.43630351974352
48.09041363888835
59.337218147990924
22.2711751713487
348.8074589332535
89.22502265760377
18.45641431335727
84.26968059085914
99.96527586689803
75.45867797899302
38.87483944699104
80.70056023105677
32.092678019787606
47.944181716139965
36.754240311290395
48.07177098375468
80.22503044269013
0.0
0.0
0.0
0.0
0.0
0.0
0.0
0.0
0.0
0.0
0.0
0.0
90.44479019322125
40.30470992613293
99.13552045334164
65.23223971532981
43.044424762203064
73.7440696917096
29.04962706215396
7520.471459156796
49.972087217584615
13.869785627931774
12.736250428081775
36.69270973952612
13.869785627931774
12.736250428081775
36.69270973952612
13.869785627931774
12.736250428081775
36.69270973952612
13.869785627931774
12.736250428081775
36.69270973952612
81.05788221202548
99.05162447625244
12.643416953136377
81.05788221202548
99.05162447625244
12.643416953136377
81.05788221202548
99.05162447625244
12.643416953136377
54.90124055276077
700.6281884570665
74.22781642433995
54.90124055276077
700.6281884570665
74.22781642433995
54.90124055276077
700.6281884570665
74.22781642433995
54.90124055276077
700.6281884570665
74.22781642433995
54.90124055276077
700.6281884570665
74.22781642433995
54.90124055276077
700.6281884570665
74.22781642433995
54.90124055276077
700.6281884570665
74.22781642433995
54.90124055276077
700.6281884570665
74.22781642433995
54.90124055276077
700.6281884570665
74.22781642433995
59.337218147990924
22.2711751713487
348.8074589332535
89.22502265760377
18.45641431335727
84.26968059085914
99.96527586689803
75.45867797899302
38.87483944699104
80.70056023105677
32.092678019787606
47.944181716139965
32.36015480337908
36.9012951948617
156.40982759447587
66.60674579628369
12.213772268230528
79.76263839971904
48.53601714079674
45.17121509485214
28.69084824419069
17.389527544885542
86.39805105285359
73.27615392408455
48.53601714079674
45.17121509485214
28.69084824419069
93.66439973314691
63.916843420668464
21.690097586171007
93.66439973314691
63.916843420668464
21.690097586171007
93.66439973314691
63.916843420668464
21.690097586171007
20.588826145041747
907.687229395051
45.45379058174687
13.869785627931774
12.736250428081775
36.69270973952612
13.869785627931774
12.736250428081775
36.69270973952612
196.0540322503812
91.43630351974352
48.09041363888835
81.05788221202548
99.05162447625244
12.643416953136377
54.90124055276077
700.6281884570665
74.22781642433995
54.90124055276077
700.6281884570665
74.22781642433995
54.90124055276077
700.6281884570665
74.22781642433995
54.90124055276077
700.6281884570665
74.22781642433995
54.90124055276077
700.6281884570665
74.22781642433995
54.90124055276077
700.6281884570665
74.22781642433995
54.90124055276077
700.6281884570665
74.22781642433995
54.90124055276077
700.6281884570665
74.22781642433995
54.90124055276077
700.6281884570665
74.22781642433995
54.90124055276077
700.6281884570665
74.22781642433995
54.90124055276077
700.6281884570665
74.22781642433995
29.59778591438762
87.25226413557812
23.15202564981197
89.22502265760377
18.45641431335727
84.26968059085914
32.36015480337908
36.9012951948617
156.40982759447587
32.36015480337908
36.9012951948617
156.40982759447587
32.36015480337908
36.9012951948617
156.40982759447587
66.60674579628369
12.213772268230528
79.76263839971904
48.53601714079674
45.17121509485214
28.69084824419069
48.53601714079674
45.17121509485214
28.69084824419069
48.53601714079674
45.17121509485214
28.69084824419069
93.66439973314691
63.916843420668464
21.690097586171007
93.66439973314691
63.916843420668464
21.690097586171007
99.70996770714751
47.697002482657105
79.19561455290238
99.70996770714751
47.697002482657105
79.19561455290238
99.70996770714751
47.697002482657105
79.19561455290238
196.0540322503812
91.43630351974352
48.09041363888835
54.90124055276077
700.6281884570665
74.22781642433995
54.90124055276077
700.6281884570665
74.22781642433995
54.90124055276077
700.6281884570665
74.22781642433995
54.90124055276077
700.6281884570665
74.22781642433995
54.90124055276077
700.6281884570665
74.22781642433995
54.90124055276077
700.6281884570665
74.22781642433995
54.90124055276077
700.6281884570665
74.22781642433995
54.90124055276077
700.6281884570665
74.22781642433995
54.90124055276077
700.6281884570665
74.22781642433995
54.90124055276077
700.6281884570665
74.22781642433995
54.90124055276077
700.6281884570665
74.22781642433995
54.90124055276077
700.6281884570665
74.22781642433995
54.90124055276077
700.6281884570665
74.22781642433995
54.90124055276077
700.6281884570665
74.22781642433995
29.59778591438762
87.25226413557812
23.15202564981197
32.36015480337908
36.9012951948617
156.40982759447587
32.36015480337908
36.9012951948617
156.40982759447587
32.36015480337908
36.9012951948617
156.40982759447587
0.0
0.0
0.0
48.53601714079674
45.17121509485214
28.69084824419069
47.703366252418746
56.01039429963408
73.74898628539678
48.53601714079674
45.17121509485214
28.69084824419069
82.936736061542
97.83665179040001
76.61418357603354
93.66439973314691
63.916843420668464
21.690097586171007
99.70996770714751
47.697002482657105
79.19561455290238
29.59778591438762
87.25226413557812
23.15202564981197
54.90124055276077
700.6281884570665
74.22781642433995
54.90124055276077
700.6281884570665
74.22781642433995
54.90124055276077
700.6281884570665
74.22781642433995
54.90124055276077
700.6281884570665
74.22781642433995
54.90124055276077
700.6281884570665
74.22781642433995
54.90124055276077
700.6281884570665
74.22781642433995
54.90124055276077
700.6281884570665
74.22781642433995
54.90124055276077
700.6281884570665
74.22781642433995
54.90124055276077
700.6281884570665
74.22781642433995
54.90124055276077
700.6281884570665
74.22781642433995
54.90124055276077
700.6281884570665
74.22781642433995
54.90124055276077
700.6281884570665
74.22781642433995
54.90124055276077
700.6281884570665
74.22781642433995
54.90124055276077
700.6281884570665
74.22781642433995
54.90124055276077
700.6281884570665
74.22781642433995
54.90124055276077
700.6281884570665
74.22781642433995
54.90124055276077
700.6281884570665
74.22781642433995
32.36015480337908
36.9012951948617
156.40982759447587
32.19064375613001
565.8908813279805
66.82851363380018
31.64046484537475
35.89959572953227
341.97979596466644
0.0
0.0
0.0
0.0
0.0
0.0
47.703366252418746
56.01039429963408
73.74898628539678
93.2768432264035
12.40532217523489
72.40893941315703
82.936736061542
97.83665179040001
76.61418357603354
23.780832410712783
60.32390544483213
361.8219885363372
31.53910916926755
98.11414564127622
381.2004231721977
54.90124055276077
700.6281884570665
74.22781642433995
54.90124055276077
700.6281884570665
74.22781642433995
54.90124055276077
700.6281884570665
74.22781642433995
54.90124055276077
700.6281884570665
74.22781642433995
54.90124055276077
700.6281884570665
74.22781642433995
54.90124055276077
700.6281884570665
74.22781642433995
54.90124055276077
700.6281884570665
74.22781642433995
54.90124055276077
700.6281884570665
74.22781642433995
54.90124055276077
700.6281884570665
74.22781642433995
54.90124055276077
700.6281884570665
74.22781642433995
54.90124055276077
700.6281884570665
74.22781642433995
54.90124055276077
700.6281884570665
74.22781642433995
54.90124055276077
700.6281884570665
74.22781642433995
54.90124055276077
700.6281884570665
74.22781642433995
54.90124055276077
700.6281884570665
74.22781642433995
54.90124055276077
700.6281884570665
74.22781642433995
54.90124055276077
700.6281884570665
74.22781642433995
54.90124055276077
700.6281884570665
74.22781642433995
42.48043400212793
52.48152507340453
22.681176809634383
12.312265578922087
42.2715588827188
60.83809932109049
32.455232411776876
88.12780239342324
77.8888314679481
0.0
0.0
0.0
0.0
0.0
0.0
93.2768432264035
12.40532217523489
72.40893941315703
93.2768432264035
12.40532217523489
72.40893941315703
82.936736061542
97.83665179040001
76.61418357603354
95.30782821214629
29.69639296967792
8821.126945582015
54.90124055276077
700.6281884570665
74.22781642433995
54.90124055276077
700.6281884570665
74.22781642433995
54.90124055276077
700.6281884570665
74.22781642433995
54.90124055276077
700.6281884570665
74.22781642433995
54.90124055276077
700.6281884570665
74.22781642433995
54.90124055276077
700.6281884570665
74.22781642433995
54.90124055276077
700.6281884570665
74.22781642433995
54.90124055276077
700.6281884570665
74.22781642433995
54.90124055276077
700.6281884570665
74.22781642433995
54.90124055276077
700.6281884570665
74.22781642433995
54.90124055276077
700.6281884570665
74.22781642433995
54.90124055276077
700.6281884570665
74.22781642433995
54.90124055276077
700.6281884570665
74.22781642433995
54.90124055276077
700.6281884570665
74.22781642433995
54.90124055276077
700.6281884570665
74.22781642433995
54.90124055276077
700.6281884570665
74.22781642433995
54.90124055276077
700.6281884570665
74.22781642433995
54.90124055276077
700.6281884570665
74.22781642433995
54.90124055276077
700.6281884570665
74.22781642433995
42.48043400212793
52.48152507340453
22.681176809634383
43.18057954806829
71.0286370166953
684.656192923323
71.29079269528782
97.39580445691831
78.76313215412611
0.0
0.0
0.0
0.0
0.0
0.0
93.2768432264035
12.40532217523489
72.40893941315703
93.2768432264035
12.40532217523489
72.40893941315703
82.936736061542
97.83665179040001
76.61418357603354
54.90124055276077
700.6281884570665
74.22781642433995
54.90124055276077
700.6281884570665
74.22781642433995
54.90124055276077
700.6281884570665
74.22781642433995
54.90124055276077
700.6281884570665
74.22781642433995
54.90124055276077
700.6281884570665
74.22781642433995
54.90124055276077
700.6281884570665
74.22781642433995
54.90124055276077
700.6281884570665
74.22781642433995
54.90124055276077
700.6281884570665
74.22781642433995
54.90124055276077
700.6281884570665
74.22781642433995
54.90124055276077
700.6281884570665
74.22781642433995
54.90124055276077
700.6281884570665
74.22781642433995
54.90124055276077
700.6281884570665
74.22781642433995
54.90124055276077
700.6281884570665
74.22781642433995
54.90124055276077
700.6281884570665
74.22781642433995
54.90124055276077
700.6281884570665
74.22781642433995
54.90124055276077
700.6281884570665
74.22781642433995
54.90124055276077
700.6281884570665
74.22781642433995
54.90124055276077
700.6281884570665
74.22781642433995
54.90124055276077
700.6281884570665
74.22781642433995
54.90124055276077
700.6281884570665
74.22781642433995
42.48043400212793
52.48152507340453
22.681176809634383
75.19866172808763
59.69571750421814
11.524786522851915
71.29079269528782
97.39580445691831
78.76313215412611
0.0
0.0
0.0
0.0
0.0
0.0
93.2768432264035
12.40532217523489
72.40893941315703
93.2768432264035
12.40532217523489
72.40893941315703
99.10080558972564
77.04344564674459
11.787355730894866
54.90124055276077
700.6281884570665
74.22781642433995
54.90124055276077
700.6281884570665
74.22781642433995
54.90124055276077
700.6281884570665
74.22781642433995
54.90124055276077
700.6281884570665
74.22781642433995
54.90124055276077
700.6281884570665
74.22781642433995
54.90124055276077
700.6281884570665
74.22781642433995
54.90124055276077
700.6281884570665
74.22781642433995
54.90124055276077
700.6281884570665
74.22781642433995
54.90124055276077
700.6281884570665
74.22781642433995
54.90124055276077
700.6281884570665
74.22781642433995
54.90124055276077
700.6281884570665
74.22781642433995
54.90124055276077
700.6281884570665
74.22781642433995
54.90124055276077
700.6281884570665
74.22781642433995
54.90124055276077
700.6281884570665
74.22781642433995
54.90124055276077
700.6281884570665
74.22781642433995
54.90124055276077
700.6281884570665
74.22781642433995
54.90124055276077
700.6281884570665
74.22781642433995
54.90124055276077
700.6281884570665
74.22781642433995
54.90124055276077
700.6281884570665
74.22781642433995
54.90124055276077
700.6281884570665
74.22781642433995
42.48043400212793
52.48152507340453
22.681176809634383
65.2239050323072
32.04816816141806
62.08719053765659
71.29079269528782
97.39580445691831
78.76313215412611
0.0
0.0
0.0
0.0
0.0
0.0
0.0
0.0
0.0
39.40887387865517
62.163431590232996
137.62229780860946
76.65397717913882
72.86000751028946
19.15983710792827
54.90124055276077
700.6281884570665
74.22781642433995
54.90124055276077
700.6281884570665
74.22781642433995
54.90124055276077
700.6281884570665
74.22781642433995
54.90124055276077
700.6281884570665
74.22781642433995
54.90124055276077
700.6281884570665
74.22781642433995
54.90124055276077
700.6281884570665
74.22781642433995
54.90124055276077
700.6281884570665
74.22781642433995
54.90124055276077
700.6281884570665
74.22781642433995
81.05788221202548
99.05162447625244
12.643416953136377
196.0540322503812
91.43630351974352
48.09041363888835
196.0540322503812
91.43630351974352
48.09041363888835
81.05788221202548
99.05162447625244
12.643416953136377
81.05788221202548
99.05162447625244
12.643416953136377
54.90124055276077
700.6281884570665
74.22781642433995
54.90124055276077
700.6281884570665
74.22781642433995
54.90124055276077
700.6281884570665
74.22781642433995
54.90124055276077
700.6281884570665
74.22781642433995
54.90124055276077
700.6281884570665
74.22781642433995
54.90124055276077
700.6281884570665
74.22781642433995
54.90124055276077
700.6281884570665
74.22781642433995
34.76719956302055
491.79592300145345
71.24673472696573
65.2239050323072
32.04816816141806
62.08719053765659
61.4873491536169
56.56050455561804
48.2939150391138
0.0
0.0
0.0
0.0
0.0
0.0
0.0
0.0
0.0
0.0
0.0
0.0
76.65397717913882
72.86000751028946
19.15983710792827
54.90124055276077
700.6281884570665
74.22781642433995
54.90124055276077
700.6281884570665
74.22781642433995
54.90124055276077
700.6281884570665
74.22781642433995
54.90124055276077
700.6281884570665
74.22781642433995
54.90124055276077
700.6281884570665
74.22781642433995
54.90124055276077
700.6281884570665
74.22781642433995
54.90124055276077
700.6281884570665
74.22781642433995
81.05788221202548
99.05162447625244
12.643416953136377
81.05788221202548
99.05162447625244
12.643416953136377
81.05788221202548
99.05162447625244
12.643416953136377
13.869785627931774
12.736250428081775
36.69270973952612
81.05788221202548
99.05162447625244
12.643416953136377
81.05788221202548
99.05162447625244
12.643416953136377
81.05788221202548
99.05162447625244
12.643416953136377
54.90124055276077
700.6281884570665
74.22781642433995
54.90124055276077
700.6281884570665
74.22781642433995
54.90124055276077
700.6281884570665
74.22781642433995
54.90124055276077
700.6281884570665
74.22781642433995
54.90124055276077
700.6281884570665
74.22781642433995
54.90124055276077
700.6281884570665
74.22781642433995
20.588826145041747
907.687229395051
45.45379058174687
19.73135530254081
17.633931168734797
41.59790334021891
19.73135530254081
17.633931168734797
41.59790334021891
0.0
0.0
0.0
0.0
0.0
0.0
0.0
0.0
0.0
41.63777054137442
80.70418839426014
36.73715748811
41.63777054137442
80.70418839426014
36.73715748811
54.90124055276077
700.6281884570665
74.22781642433995
54.90124055276077
700.6281884570665
74.22781642433995
54.90124055276077
700.6281884570665
74.22781642433995
54.90124055276077
700.6281884570665
74.22781642433995
54.90124055276077
700.6281884570665
74.22781642433995
54.90124055276077
700.6281884570665
74.22781642433995
81.05788221202548
99.05162447625244
12.643416953136377
81.05788221202548
99.05162447625244
12.643416953136377
81.05788221202548
99.05162447625244
12.643416953136377
81.05788221202548
99.05162447625244
12.643416953136377
81.05788221202548
99.05162447625244
12.643416953136377
81.05788221202548
99.05162447625244
12.643416953136377
81.05788221202548
99.05162447625244
12.643416953136377
81.05788221202548
99.05162447625244
12.643416953136377
54.90124055276077
700.6281884570665
74.22781642433995
54.90124055276077
700.6281884570665
74.22781642433995
54.90124055276077
700.6281884570665
74.22781642433995
54.90124055276077
700.6281884570665
74.22781642433995
54.90124055276077
700.6281884570665
74.22781642433995
29.59778591438762
87.25226413557812
23.15202564981197
20.588826145041747
907.687229395051
45.45379058174687
19.73135530254081
17.633931168734797
41.59790334021891
19.73135530254081
17.633931168734797
41.59790334021891
0.0
0.0
0.0
0.0
0.0
0.0
0.0
0.0
0.0
41.63777054137442
80.70418839426014
36.73715748811
41.63777054137442
80.70418839426014
36.73715748811
54.90124055276077
700.6281884570665
74.22781642433995
54.90124055276077
700.6281884570665
74.22781642433995
54.90124055276077
700.6281884570665
74.22781642433995
54.90124055276077
700.6281884570665
74.22781642433995
54.90124055276077
700.6281884570665
74.22781642433995
54.90124055276077
700.6281884570665
74.22781642433995
54.90124055276077
700.6281884570665
74.22781642433995
54.90124055276077
700.6281884570665
74.22781642433995
54.90124055276077
700.6281884570665
74.22781642433995
81.05788221202548
99.05162447625244
12.643416953136377
81.05788221202548
99.05162447625244
12.643416953136377
81.05788221202548
99.05162447625244
12.643416953136377
81.05788221202548
99.05162447625244
12.643416953136377
54.90124055276077
700.6281884570665
74.22781642433995
54.90124055276077
700.6281884570665
74.22781642433995
54.90124055276077
700.6281884570665
74.22781642433995
54.90124055276077
700.6281884570665
74.22781642433995
54.90124055276077
700.6281884570665
74.22781642433995
54.90124055276077
700.6281884570665
74.22781642433995
54.90124055276077
700.6281884570665
74.22781642433995
20.588826145041747
907.687229395051
45.45379058174687
20.588826145041747
907.687229395051
45.45379058174687
61.89758665472763
23.53952844775756
84.33730439764234
61.89758665472763
23.53952844775756
84.33730439764234
0.0
0.0
0.0
0.0
0.0
0.0
83.3412985455833
65.45270675202332
18.230360803546986
41.63777054137442
80.70418839426014
36.73715748811
54.90124055276077
700.6281884570665
74.22781642433995
54.90124055276077
700.6281884570665
74.22781642433995
54.90124055276077
700.6281884570665
74.22781642433995
54.90124055276077
700.6281884570665
74.22781642433995
54.90124055276077
700.6281884570665
74.22781642433995
54.90124055276077
700.6281884570665
74.22781642433995
54.90124055276077
700.6281884570665
74.22781642433995
54.90124055276077
700.6281884570665
74.22781642433995
54.90124055276077
700.6281884570665
74.22781642433995
54.90124055276077
700.6281884570665
74.22781642433995
54.90124055276077
700.6281884570665
74.22781642433995
54.90124055276077
700.6281884570665
74.22781642433995
54.90124055276077
700.6281884570665
74.22781642433995
54.90124055276077
700.6281884570665
74.22781642433995
54.90124055276077
700.6281884570665
74.22781642433995
54.90124055276077
700.6281884570665
74.22781642433995
54.90124055276077
700.6281884570665
74.22781642433995
54.90124055276077
700.6281884570665
74.22781642433995
54.90124055276077
700.6281884570665
74.22781642433995
54.90124055276077
700.6281884570665
74.22781642433995
20.588826145041747
907.687229395051
45.45379058174687
20.588826145041747
907.687229395051
45.45379058174687
50.80333557931254
56.27125026592937
60.873091424222736
61.89758665472763
23.53952844775756
84.33730439764234
0.0
0.0
0.0
0.0
0.0
0.0
83.3412985455833
65.45270675202332
18.230360803546986
41.63777054137442
80.70418839426014
36.73715748811
54.90124055276077
700.6281884570665
74.22781642433995
54.90124055276077
700.6281884570665
74.22781642433995
54.90124055276077
700.6281884570665
74.22781642433995
54.90124055276077
700.6281884570665
74.22781642433995
54.90124055276077
700.6281884570665
74.22781642433995
54.90124055276077
700.6281884570665
74.22781642433995
54.90124055276077
700.6281884570665
74.22781642433995
54.90124055276077
700.6281884570665
74.22781642433995
54.90124055276077
700.6281884570665
74.22781642433995
54.90124055276077
700.6281884570665
74.22781642433995
54.90124055276077
700.6281884570665
74.22781642433995
54.90124055276077
700.6281884570665
74.22781642433995
54.90124055276077
700.6281884570665
74.22781642433995
54.90124055276077
700.6281884570665
74.22781642433995
54.90124055276077
700.6281884570665
74.22781642433995
54.90124055276077
700.6281884570665
74.22781642433995
54.90124055276077
700.6281884570665
74.22781642433995
54.90124055276077
700.6281884570665
74.22781642433995
54.90124055276077
700.6281884570665
74.22781642433995
99.70996770714751
47.697002482657105
79.19561455290238
99.70996770714751
47.697002482657105
79.19561455290238
50.80333557931254
56.27125026592937
60.873091424222736
65.68966721253383
61.52782663872601
12.808634420417741
97.93487547240719
19.78560426865801
63.05624506401337
0.0
0.0
0.0
0.0
0.0
0.0
83.3412985455833
65.45270675202332
18.230360803546986
91.27959808007637
36.709094531897755
79.2777862204087
54.90124055276077
700.6281884570665
74.22781642433995
54.90124055276077
700.6281884570665
74.22781642433995
54.90124055276077
700.6281884570665
74.22781642433995
54.90124055276077
700.6281884570665
74.22781642433995
54.90124055276077
700.6281884570665
74.22781642433995
54.90124055276077
700.6281884570665
74.22781642433995
54.90124055276077
700.6281884570665
74.22781642433995
54.90124055276077
700.6281884570665
74.22781642433995
54.90124055276077
700.6281884570665
74.22781642433995
54.90124055276077
700.6281884570665
74.22781642433995
54.90124055276077
700.6281884570665
74.22781642433995
54.90124055276077
700.6281884570665
74.22781642433995
54.90124055276077
700.6281884570665
74.22781642433995
54.90124055276077
700.6281884570665
74.22781642433995
54.90124055276077
700.6281884570665
74.22781642433995
54.90124055276077
700.6281884570665
74.22781642433995
54.90124055276077
700.6281884570665
74.22781642433995
54.90124055276077
700.6281884570665
74.22781642433995
54.90124055276077
700.6281884570665
74.22781642433995
99.70996770714751
47.697002482657105
79.19561455290238
99.70996770714751
47.697002482657105
79.19561455290238
93.61529833562176
75.1516390446628
65.26340662269052
64.81412804013323
15.552304899634617
79.77748343104571
0.0
0.0
0.0
0.0
0.0
0.0
0.0
0.0
0.0
83.3412985455833
65.45270675202332
18.230360803546986
91.27959808007637
36.709094531897755
79.2777862204087
59.337218147990924
22.2711751713487
348.8074589332535
59.337218147990924
22.2711751713487
348.8074589332535
196.0540322503812
91.43630351974352
48.09041363888835
54.90124055276077
700.6281884570665
74.22781642433995
54.90124055276077
700.6281884570665
74.22781642433995
54.90124055276077
700.6281884570665
74.22781642433995
54.90124055276077
700.6281884570665
74.22781642433995
54.90124055276077
700.6281884570665
74.22781642433995
54.90124055276077
700.6281884570665
74.22781642433995
54.90124055276077
700.6281884570665
74.22781642433995
54.90124055276077
700.6281884570665
74.22781642433995
54.90124055276077
700.6281884570665
74.22781642433995
54.90124055276077
700.6281884570665
74.22781642433995
54.90124055276077
700.6281884570665
74.22781642433995
54.90124055276077
700.6281884570665
74.22781642433995
54.90124055276077
700.6281884570665
74.22781642433995
54.90124055276077
700.6281884570665
74.22781642433995
54.90124055276077
700.6281884570665
74.22781642433995
38.03602198688226
83.67585984470466
12.544648277753101
29.04962706215396
7520.471459156796
49.972087217584615
276.397478327326
75.36295898291976
23.308124634343983
93.61529833562176
75.1516390446628
65.26340662269052
64.81412804013323
15.552304899634617
79.77748343104571
0.0
0.0
0.0
0.0
0.0
0.0
0.0
0.0
0.0
76.41990143643248
50.679905525431934
69.89910417097592
41.78151325602086
442.52783780332595
14.72545400375166
59.337218147990924
22.2711751713487
348.8074589332535
59.337218147990924
22.2711751713487
348.8074589332535
196.0540322503812
91.43630351974352
48.09041363888835
54.90124055276077
700.6281884570665
74.22781642433995
54.90124055276077
700.6281884570665
74.22781642433995
54.90124055276077
700.6281884570665
74.22781642433995
54.90124055276077
700.6281884570665
74.22781642433995
54.90124055276077
700.6281884570665
74.22781642433995
54.90124055276077
700.6281884570665
74.22781642433995
54.90124055276077
700.6281884570665
74.22781642433995
54.90124055276077
700.6281884570665
74.22781642433995
54.90124055276077
700.6281884570665
74.22781642433995
54.90124055276077
700.6281884570665
74.22781642433995
54.90124055276077
700.6281884570665
74.22781642433995
54.90124055276077
700.6281884570665
74.22781642433995
54.90124055276077
700.6281884570665
74.22781642433995
54.90124055276077
700.6281884570665
74.22781642433995
196.0540322503812
91.43630351974352
48.09041363888835
33.3936258378334
33.86950976752063
875.6318624284132
72.55984364733563
58.541536772410865
97.3398139277254
93.61529833562176
75.1516390446628
65.26340662269052
64.81412804013323
15.552304899634617
79.77748343104571
64.81412804013323
15.552304899634617
79.77748343104571
0.0
0.0
0.0
0.0
0.0
0.0
0.0
0.0
0.0
76.41990143643248
50.679905525431934
69.89910417097592
41.78151325602086
442.52783780332595
14.72545400375166
41.78151325602086
442.52783780332595
14.72545400375166
204.96046116129762
403.67782952660633
35.75144624140481
59.337218147990924
22.2711751713487
348.8074589332535
59.337218147990924
22.2711751713487
348.8074589332535
196.0540322503812
91.43630351974352
48.09041363888835
196.0540322503812
91.43630351974352
48.09041363888835
54.90124055276077
700.6281884570665
74.22781642433995
54.90124055276077
700.6281884570665
74.22781642433995
54.90124055276077
700.6281884570665
74.22781642433995
54.90124055276077
700.6281884570665
74.22781642433995
54.90124055276077
700.6281884570665
74.22781642433995
54.90124055276077
700.6281884570665
74.22781642433995
54.90124055276077
700.6281884570665
74.22781642433995
54.90124055276077
700.6281884570665
74.22781642433995
54.90124055276077
700.6281884570665
74.22781642433995
196.0540322503812
91.43630351974352
48.09041363888835
76.81511260237217
50.04317317361428
231.22846705697197
46.79918746989283
33.40093006866376
21.608344374155784
52.21734561541943
25.79190659009578
46.752495764150396
22.302476505164858
78.83365867529967
49.75464248222413
22.302476505164858
78.83365867529967
49.75464248222413
0.0
0.0
0.0
0.0
0.0
0.0
0.0
0.0
0.0
0.0
0.0
0.0
0.0
0.0
0.0
0.0
0.0
0.0
66.26501375681731
78.78209207895438
8721.428900113404
41.78151325602086
442.52783780332595
14.72545400375166
41.78151325602086
442.52783780332595
14.72545400375166
41.78151325602086
442.52783780332595
14.72545400375166
41.78151325602086
442.52783780332595
14.72545400375166
90.98501708601287
46.29051779858472
44.35618556437878
90.98501708601287
46.29051779858472
44.35618556437878
31.53910916926755
98.11414564127622
381.2004231721977
87.57684184917393
78.8850547766256
84.0926437369126
87.57684184917393
78.8850547766256
84.0926437369126
87.57684184917393
78.8850547766256
84.0926437369126
87.57684184917393
78.8850547766256
84.0926437369126
87.57684184917393
78.8850547766256
84.0926437369126
87.57684184917393
78.8850547766256
84.0926437369126
13.869785627931774
12.736250428081775
36.69270973952612
13.869785627931774
12.736250428081775
36.69270973952612
76.81511260237217
50.04317317361428
231.22846705697197
19.62143786654057
20.184824143585214
17.22339487007476
19.606037350967
91.66552628973561
32.60037634666942
42.53336573825476
38.0944647624862
27.73248229704064
82.0603198344713
43.98760130043448
867.4693719359484
21.443771963438852
29.399283640884786
81.52469309334684
0.0
0.0
0.0
0.0
0.0
0.0
0.0
0.0
0.0
0.0
0.0
0.0
0.0
0.0
0.0
0.0
0.0
0.0
117.73154357446525
86.35713228153129
72.22163755568185
84.79084367154657
28.399817407975704
30.524022568796028
94.95369144692108
38.355847211331636
56.696571934206844
95.30782821214629
29.69639296967792
8821.126945582015
69.53675377500575
61.39517442386374
82.39033926998138
69.53675377500575
61.39517442386374
82.39033926998138
51.667177534515886
24.21298170142226
55.716530404462375
31.53910916926755
98.11414564127622
381.2004231721977
31.53910916926755
98.11414564127622
381.2004231721977
31.53910916926755
98.11414564127622
381.2004231721977
31.53910916926755
98.11414564127622
381.2004231721977
31.53910916926755
98.11414564127622
381.2004231721977
31.53910916926755
98.11414564127622
381.2004231721977
82.93034003242623
13.606177647024564
36.12715165212927
70.18519466425619
11.934470782866436
88.03128645928167
19.62143786654057
20.184824143585214
17.22339487007476
19.62143786654057
20.184824143585214
17.22339487007476
19.62143786654057
20.184824143585214
17.22339487007476
29.315403090629243
26.134615879817478
54.84259264596645
42.53336573825476
38.0944647624862
27.73248229704064
58.77974866366973
25.73565283398793
61.86361442904206
64.17963660191634
78.44044936435198
71.82062437927742
0.0
0.0
0.0
0.0
0.0
0.0
0.0
0.0
0.0
0.0
0.0
0.0
0.0
0.0
0.0
0.0
0.0
0.0
58.32869063506866
24.952673471534894
53.62992085799725
46.11703314932186
70.94820854157707
35.769758604833434
27.35341604055781
35.90354448156473
88.7712273800476
72.82035011916429
77.40786751229352
12.540763720098669
69.53675377500575
61.39517442386374
82.39033926998138
69.53675377500575
61.39517442386374
82.39033926998138
69.53675377500575
61.39517442386374
82.39033926998138
31.53910916926755
98.11414564127622
381.2004231721977
31.53910916926755
98.11414564127622
381.2004231721977
31.53910916926755
98.11414564127622
381.2004231721977
31.53910916926755
98.11414564127622
381.2004231721977
31.53910916926755
98.11414564127622
381.2004231721977
82.93034003242623
13.606177647024564
36.12715165212927
82.93034003242623
13.606177647024564
36.12715165212927
74.5454326136189
79.26456571765814
71.12107217539187
74.5454326136189
79.26456571765814
71.12107217539187
37.83731557505436
24.54108678958051
61.40484462928712
37.83731557505436
24.54108678958051
61.40484462928712
37.83731557505436
24.54108678958051
61.40484462928712
501.75947457267387
47.800226361022034
27.359061314988228
0.0
0.0
0.0
0.0
0.0
0.0
0.0
0.0
0.0
0.0
0.0
0.0
0.0
0.0
0.0
0.0
0.0
0.0
0.0
0.0
0.0
0.0
0.0
0.0
0.0
0.0
0.0
0.0
0.0
0.0
87.14194994448951
25.475028118188735
87.80763622017287
13.158732497773473
17.61376502037558
89.73472394874761
13.158732497773473
17.61376502037558
89.73472394874761
13.158732497773473
17.61376502037558
89.73472394874761
32.60312510882025
60.85509593868056
37.66951245774071
32.60312510882025
60.85509593868056
37.66951245774071
167.81929733830415
72.55363215839687
82.78093932053415
167.81929733830415
72.55363215839687
82.78093932053415
167.81929733830415
72.55363215839687
82.78093932053415
167.81929733830415
72.55363215839687
82.78093932053415
70.18519466425619
11.934470782866436
88.03128645928167
70.18519466425619
11.934470782866436
88.03128645928167
54.50359519753278
81.49882212678877
91.29745264397387
54.50359519753278
81.49882212678877
91.29745264397387
37.83731557505436
24.54108678958051
61.40484462928712
37.83731557505436
24.54108678958051
61.40484462928712
37.83731557505436
24.54108678958051
61.40484462928712
501.75947457267387
47.800226361022034
27.359061314988228
0.0
0.0
0.0
0.0
0.0
0.0
0.0
0.0
0.0
0.0
0.0
0.0
0.0
0.0
0.0
